3 Process3 1000 4
3 Process3 1000 2
32 Process32 1000 4
32 Process32 1000 2
31 Process31 1000 4
31 Process31 1000 2
38 Process38 1000 4
38 Process38 1000 2
28 Process28 1000 4
28 Process28 1000 2
37 Process37 1000 4
39 Process39 1000 4
26 Process26 1000 4
26 Process26 1000 2
25 Process25 1000 4
25 Process25 1000 2
36 Process36 1000 4
39 Process39 1000 2
34 Process34 1000 4
41 Process41 1000 4
22 Process22 1000 4
22 Process22 1000 2
21 Process21 1000 4
21 Process21 1000 2
20 Process20 1000 4
40 Process40 1000 4
33 Process33 1000 4
40 Process40 1000 2
18 Process18 1000 4
18 Process18 1000 2
17 Process17 1000 4
17 Process17 1000 2
16 Process16 1000 4
16 Process16 1000 2
15 Process15 1000 4
15 Process15 1000 2
2 Process2 1000 4
35 Process35 1000 4
13 Process13 1000 4
13 Process13 1000 2
12 Process12 1000 4
12 Process12 1000 2
29 Process29 1000 4
4 Process4 1000 4
10 Process10 1000 4
10 Process10 1000 2
9 Process9 1000 4
9 Process9 1000 2
8 Process8 1000 4
8 Process8 1000 2
35 Process35 1000 2
27 Process27 1000 4
24 Process24 1000 4
27 Process27 1000 2
43 Process43 1000 4
24 Process24 1000 2
44 Process44 1000 4
11 Process11 1000 4
45 Process45 1000 4
6 Process6 1000 4
20 Process20 1000 2
5 Process5 1000 4
47 Process47 1000 4
47 Process47 1000 2
23 Process23 1000 4
30 Process30 1000 4
60 Process60 1000 4
60 Process60 1000 2
59 Process59 1000 4
59 Process59 1000 2
58 Process58 1000 4
58 Process58 1000 2
62 Process62 1000 4
62 Process62 1000 2
19 Process19 1000 4
41 Process41 1000 2
69 Process69 1000 4
69 Process69 1000 2
71 Process71 1000 4
71 Process71 1000 2
72 Process72 1000 4
72 Process72 1000 2
73 Process73 1000 4
73 Process73 1000 2
14 Process14 1000 4
14 Process14 1000 2
70 Process70 1000 4
70 Process70 1000 2
75 Process75 1000 4
75 Process75 1000 2
68 Process68 1000 4
68 Process68 1000 2
76 Process76 1000 4
76 Process76 1000 2
67 Process67 1000 4
67 Process67 1000 2
11 Process11 1000 2
63 Process63 1000 4
84 Process84 1000 4
84 Process84 1000 2
83 Process83 1000 4
83 Process83 1000 2
82 Process82 1000 4
82 Process82 1000 2
81 Process81 1000 4
81 Process81 1000 2
89 Process89 1000 4
89 Process89 1000 2
90 Process90 1000 4
90 Process90 1000 2
4 Process4 1000 2
44 Process44 1000 2
100 Process100 1000 4
100 Process100 1000 2
101 Process101 1000 4
101 Process101 1000 2
48 Process48 1000 4
46 Process46 1000 4
102 Process102 1000 4
102 Process102 1000 2
98 Process98 1000 4
98 Process98 1000 2
104 Process104 1000 4
104 Process104 1000 2
108 Process108 1000 4
108 Process108 1000 2
30 Process30 1000 2
91 Process91 1000 4
113 Process113 1000 4
113 Process113 1000 2
114 Process114 1000 4
107 Process107 1000 4
42 Process42 1000 4
23 Process23 1000 2
120 Process120 1000 4
120 Process120 1000 2
124 Process124 1000 4
124 Process124 1000 2
123 Process123 1000 4
123 Process123 1000 2
125 Process125 1000 4
125 Process125 1000 2
37 Process37 1000 2
74 Process74 1000 4
133 Process133 1000 4
133 Process133 1000 2
136 Process136 1000 4
136 Process136 1000 2
19 Process19 1000 2
78 Process78 1000 4
142 Process142 1000 4
142 Process142 1000 2
144 Process144 1000 4
144 Process144 1000 2
36 Process36 1000 2
45 Process45 1000 2
149 Process149 1000 4
149 Process149 1000 2
148 Process148 1000 4
148 Process148 1000 2
150 Process150 1000 4
150 Process150 1000 2
151 Process151 1000 4
151 Process151 1000 2
152 Process152 1000 4
152 Process152 1000 2
147 Process147 1000 4
147 Process147 1000 2
153 Process153 1000 4
153 Process153 1000 2
146 Process146 1000 4
146 Process146 1000 2
154 Process154 1000 4
42 Process42 1000 2
74 Process74 1000 2
155 Process155 1000 4
160 Process160 1000 4
160 Process160 1000 2
161 Process161 1000 4
161 Process161 1000 2
162 Process162 1000 4
162 Process162 1000 2
1 Process1 1000 4
33 Process33 1000 2
2 Process2 1000 2
1 Process1 1000 2
117 Process117 1000 4
7 Process7 1000 4
193 Process193 1000 4
193 Process193 1000 2
195 Process195 1000 4
195 Process195 1000 2
197 Process197 1000 4
197 Process197 1000 2
114 Process114 1000 2
6 Process6 1000 2
202 Process202 1000 4
202 Process202 1000 2
201 Process201 1000 4
201 Process201 1000 2
204 Process204 1000 4
204 Process204 1000 2
205 Process205 1000 4
205 Process205 1000 2
126 Process126 1000 4
43 Process43 1000 2
211 Process211 1000 4
211 Process211 1000 2
210 Process210 1000 4
210 Process210 1000 2
212 Process212 1000 4
212 Process212 1000 2
215 Process215 1000 4
215 Process215 1000 2
214 Process214 1000 4
214 Process214 1000 2
216 Process216 1000 4
216 Process216 1000 2
217 Process217 1000 4
217 Process217 1000 2
218 Process218 1000 4
218 Process218 1000 2
135 Process135 1000 4
99 Process99 1000 4
220 Process220 1000 4
143 Process143 1000 4
143 Process143 1000 2
155 Process155 1000 2
209 Process209 1000 4
209 Process209 1000 2
208 Process208 1000 4
208 Process208 1000 2
207 Process207 1000 4
207 Process207 1000 2
203 Process203 1000 4
34 Process34 1000 2
199 Process199 1000 4
199 Process199 1000 2
198 Process198 1000 4
198 Process198 1000 2
171 Process171 1000 4
7 Process7 1000 2
194 Process194 1000 4
194 Process194 1000 2
29 Process29 1000 2
178 Process178 1000 4
107 Process107 1000 2
200 Process200 1000 4
190 Process190 1000 4
190 Process190 1000 2
206 Process206 1000 4
117 Process117 1000 2
188 Process188 1000 4
188 Process188 1000 2
187 Process187 1000 4
187 Process187 1000 2
186 Process186 1000 4
213 Process213 1000 4
220 Process220 1000 2
191 Process191 1000 4
184 Process184 1000 4
184 Process184 1000 2
183 Process183 1000 4
183 Process183 1000 2
182 Process182 1000 4
182 Process182 1000 2
181 Process181 1000 4
181 Process181 1000 2
180 Process180 1000 4
180 Process180 1000 2
179 Process179 1000 4
179 Process179 1000 2
135 Process135 1000 2
5 Process5 1000 2
176 Process176 1000 4
176 Process176 1000 2
175 Process175 1000 4
175 Process175 1000 2
174 Process174 1000 4
174 Process174 1000 2
203 Process203 1000 2
206 Process206 1000 2
172 Process172 1000 4
172 Process172 1000 2
170 Process170 1000 4
170 Process170 1000 2
169 Process169 1000 4
169 Process169 1000 2
196 Process196 1000 4
192 Process192 1000 4
167 Process167 1000 4
167 Process167 1000 2
166 Process166 1000 4
166 Process166 1000 2
178 Process178 1000 2
91 Process91 1000 2
200 Process200 1000 2
173 Process173 1000 4
168 Process168 1000 4
186 Process186 1000 2
219 Process219 1000 4
126 Process126 1000 2
157 Process157 1000 4
157 Process157 1000 2
156 Process156 1000 4
156 Process156 1000 2
145 Process145 1000 4
145 Process145 1000 2
141 Process141 1000 4
141 Process141 1000 2
140 Process140 1000 4
140 Process140 1000 2
48 Process48 1000 2
213 Process213 1000 2
154 Process154 1000 2
163 Process163 1000 4
137 Process137 1000 4
137 Process137 1000 2
134 Process134 1000 4
134 Process134 1000 2
132 Process132 1000 4
132 Process132 1000 2
171 Process171 1000 2
78 Process78 1000 2
164 Process164 1000 4
177 Process177 1000 4
192 Process192 1000 2
159 Process159 1000 4
128 Process128 1000 4
128 Process128 1000 2
127 Process127 1000 4
127 Process127 1000 2
159 Process159 1000 2
189 Process189 1000 4
121 Process121 1000 4
121 Process121 1000 2
13 Process13 1000 4
68 Process68 1000 4
69 Process69 1000 4
69 Process69 1000 2
67 Process67 1000 4
67 Process67 1000 2
70 Process70 1000 4
70 Process70 1000 2
71 Process71 1000 4
71 Process71 1000 2
57 Process57 1000 4
6 Process6 1000 4
74 Process74 1000 4
74 Process74 1000 2
72 Process72 1000 4
72 Process72 1000 2
79 Process79 1000 4
79 Process79 1000 2
80 Process80 1000 4
80 Process80 1000 2
82 Process82 1000 4
82 Process82 1000 2
65 Process65 1000 4
13 Process13 1000 2
83 Process83 1000 4
83 Process83 1000 2
85 Process85 1000 4
85 Process85 1000 2
88 Process88 1000 4
88 Process88 1000 2
87 Process87 1000 4
87 Process87 1000 2
89 Process89 1000 4
89 Process89 1000 2
86 Process86 1000 4
86 Process86 1000 2
84 Process84 1000 4
84 Process84 1000 2
90 Process90 1000 4
90 Process90 1000 2
62 Process62 1000 4
64 Process64 1000 4
96 Process96 1000 4
96 Process96 1000 2
97 Process97 1000 4
97 Process97 1000 2
61 Process61 1000 4
63 Process63 1000 4
105 Process105 1000 4
105 Process105 1000 2
106 Process106 1000 4
106 Process106 1000 2
108 Process108 1000 4
108 Process108 1000 2
109 Process109 1000 4
109 Process109 1000 2
59 Process59 1000 4
62 Process62 1000 2
111 Process111 1000 4
111 Process111 1000 2
73 Process73 1000 4
60 Process60 1000 4
128 Process128 1000 4
128 Process128 1000 2
129 Process129 1000 4
129 Process129 1000 2
2 Process2 1000 4
65 Process65 1000 2
126 Process126 1000 4
126 Process126 1000 2
130 Process130 1000 4
130 Process130 1000 2
132 Process132 1000 4
132 Process132 1000 2
131 Process131 1000 4
131 Process131 1000 2
125 Process125 1000 4
125 Process125 1000 2
4 Process4 1000 4
78 Process78 1000 4
140 Process140 1000 4
140 Process140 1000 2
5 Process5 1000 4
64 Process64 1000 2
149 Process149 1000 4
149 Process149 1000 2
150 Process150 1000 4
150 Process150 1000 2
152 Process152 1000 4
152 Process152 1000 2
73 Process73 1000 2
133 Process133 1000 4
157 Process157 1000 4
157 Process157 1000 2
156 Process156 1000 4
156 Process156 1000 2
158 Process158 1000 4
158 Process158 1000 2
160 Process160 1000 4
160 Process160 1000 2
161 Process161 1000 4
161 Process161 1000 2
153 Process153 1000 4
119 Process119 1000 4
162 Process162 1000 4
127 Process127 1000 4
177 Process177 1000 4
177 Process177 1000 2
176 Process176 1000 4
176 Process176 1000 2
175 Process175 1000 4
175 Process175 1000 2
179 Process179 1000 4
179 Process179 1000 2
180 Process180 1000 4
180 Process180 1000 2
178 Process178 1000 4
178 Process178 1000 2
174 Process174 1000 4
174 Process174 1000 2
173 Process173 1000 4
173 Process173 1000 2
172 Process172 1000 4
172 Process172 1000 2
182 Process182 1000 4
182 Process182 1000 2
99 Process99 1000 4
59 Process59 1000 2
184 Process184 1000 4
184 Process184 1000 2
185 Process185 1000 4
185 Process185 1000 2
186 Process186 1000 4
186 Process186 1000 2
187 Process187 1000 4
187 Process187 1000 2
183 Process183 1000 4
146 Process146 1000 4
188 Process188 1000 4
81 Process81 1000 4
1 Process1 1000 4
68 Process68 1000 2
4 Process4 1000 2
110 Process110 1000 4
229 Process229 1000 4
229 Process229 1000 2
232 Process232 1000 4
232 Process232 1000 2
146 Process146 1000 2
127 Process127 1000 2
250 Process250 1000 4
250 Process250 1000 2
249 Process249 1000 4
249 Process249 1000 2
252 Process252 1000 4
252 Process252 1000 2
167 Process167 1000 4
197 Process197 1000 4
110 Process110 1000 2
207 Process207 1000 4
266 Process266 1000 4
266 Process266 1000 2
269 Process269 1000 4
269 Process269 1000 2
268 Process268 1000 4
268 Process268 1000 2
167 Process167 1000 2
253 Process253 1000 4
197 Process197 1000 2
257 Process257 1000 4
207 Process207 1000 2
183 Process183 1000 2
1 Process1 1000 2
133 Process133 1000 2
303 Process303 1000 4
303 Process303 1000 2
304 Process304 1000 4
304 Process304 1000 2
306 Process306 1000 4
306 Process306 1000 2
305 Process305 1000 4
305 Process305 1000 2
302 Process302 1000 4
302 Process302 1000 2
307 Process307 1000 4
307 Process307 1000 2
308 Process308 1000 4
308 Process308 1000 2
3 Process3 1000 4
153 Process153 1000 2
311 Process311 1000 4
311 Process311 1000 2
309 Process309 1000 4
309 Process309 1000 2
313 Process313 1000 4
313 Process313 1000 2
235 Process235 1000 4
162 Process162 1000 2
319 Process319 1000 4
319 Process319 1000 2
321 Process321 1000 4
321 Process321 1000 2
320 Process320 1000 4
320 Process320 1000 2
323 Process323 1000 4
323 Process323 1000 2
6 Process6 1000 2
286 Process286 1000 4
57 Process57 1000 2
296 Process296 1000 4
338 Process338 1000 4
338 Process338 1000 2
339 Process339 1000 4
339 Process339 1000 2
343 Process343 1000 4
343 Process343 1000 2
346 Process346 1000 4
346 Process346 1000 2
99 Process99 1000 2
188 Process188 1000 2
347 Process347 1000 4
347 Process347 1000 2
272 Process272 1000 4
235 Process235 1000 2
356 Process356 1000 4
356 Process356 1000 2
358 Process358 1000 4
358 Process358 1000 2
357 Process357 1000 4
357 Process357 1000 2
61 Process61 1000 2
296 Process296 1000 2
60 Process60 1000 2
218 Process218 1000 4
375 Process375 1000 4
375 Process375 1000 2
218 Process218 1000 2
316 Process316 1000 4
310 Process310 1000 4
316 Process316 1000 2
3 Process3 1000 2
393 Process393 1000 4
5 Process5 1000 2
402 Process402 1000 4
330 Process330 1000 4
416 Process416 1000 4
420 Process420 1000 4
420 Process420 1000 2
422 Process422 1000 4
422 Process422 1000 2
423 Process423 1000 4
423 Process423 1000 2
345 Process345 1000 4
426 Process426 1000 4
78 Process78 1000 2
81 Process81 1000 2
440 Process440 1000 4
440 Process440 1000 2
63 Process63 1000 2
443 Process443 1000 4
449 Process449 1000 4
449 Process449 1000 2
452 Process452 1000 4
452 Process452 1000 2
451 Process451 1000 4
451 Process451 1000 2
453 Process453 1000 4
453 Process453 1000 2
371 Process371 1000 4
455 Process455 1000 4
458 Process458 1000 4
458 Process458 1000 2
457 Process457 1000 4
457 Process457 1000 2
459 Process459 1000 4
459 Process459 1000 2
253 Process253 1000 2
119 Process119 1000 2
478 Process478 1000 4
478 Process478 1000 2
2 Process2 1000 2
393 Process393 1000 2
325 Process325 1000 4
345 Process345 1000 2
443 Process443 1000 2
355 Process355 1000 4
520 Process520 1000 4
520 Process520 1000 2
455 Process455 1000 2
361 Process361 1000 4
528 Process528 1000 4
528 Process528 1000 2
534 Process534 1000 4
534 Process534 1000 2
533 Process533 1000 4
533 Process533 1000 2
522 Process522 1000 4
371 Process371 1000 2
535 Process535 1000 4
381 Process381 1000 4
477 Process477 1000 4
257 Process257 1000 2
276 Process276 1000 4
462 Process462 1000 4
330 Process330 1000 2
462 Process462 1000 2
602 Process602 1000 4
602 Process602 1000 2
514 Process514 1000 4
381 Process381 1000 2
600 Process600 1000 4
600 Process600 1000 2
599 Process599 1000 4
599 Process599 1000 2
598 Process598 1000 4
598 Process598 1000 2
597 Process597 1000 4
597 Process597 1000 2
596 Process596 1000 4
596 Process596 1000 2
539 Process539 1000 4
388 Process388 1000 4
594 Process594 1000 4
594 Process594 1000 2
593 Process593 1000 4
593 Process593 1000 2
286 Process286 1000 2
484 Process484 1000 4
548 Process548 1000 4
484 Process484 1000 2
325 Process325 1000 2
601 Process601 1000 4
589 Process589 1000 4
589 Process589 1000 2
272 Process272 1000 2
595 Process595 1000 4
603 Process603 1000 4
592 Process592 1000 4
588 Process588 1000 4
548 Process548 1000 2
585 Process585 1000 4
585 Process585 1000 2
584 Process584 1000 4
584 Process584 1000 2
583 Process583 1000 4
583 Process583 1000 2
582 Process582 1000 4
582 Process582 1000 2
581 Process581 1000 4
581 Process581 1000 2
580 Process580 1000 4
580 Process580 1000 2
579 Process579 1000 4
579 Process579 1000 2
361 Process361 1000 2
539 Process539 1000 2
577 Process577 1000 4
577 Process577 1000 2
576 Process576 1000 4
576 Process576 1000 2
276 Process276 1000 2
590 Process590 1000 4
574 Process574 1000 4
574 Process574 1000 2
572 Process572 1000 4
572 Process572 1000 2
571 Process571 1000 4
571 Process571 1000 2
570 Process570 1000 4
570 Process570 1000 2
569 Process569 1000 4
569 Process569 1000 2
568 Process568 1000 4
568 Process568 1000 2
567 Process567 1000 4
567 Process567 1000 2
566 Process566 1000 4
566 Process566 1000 2
565 Process565 1000 4
565 Process565 1000 2
564 Process564 1000 4
564 Process564 1000 2
563 Process563 1000 4
563 Process563 1000 2
562 Process562 1000 4
562 Process562 1000 2
561 Process561 1000 4
561 Process561 1000 2
560 Process560 1000 4
560 Process560 1000 2
559 Process559 1000 4
559 Process559 1000 2
558 Process558 1000 4
558 Process558 1000 2
591 Process591 1000 4
310 Process310 1000 2
556 Process556 1000 4
556 Process556 1000 2
555 Process555 1000 4
555 Process555 1000 2
554 Process554 1000 4
554 Process554 1000 2
575 Process575 1000 4
573 Process573 1000 4
402 Process402 1000 2
428 Process428 1000 4
551 Process551 1000 4
551 Process551 1000 2
550 Process550 1000 4
550 Process550 1000 2
388 Process388 1000 2
428 Process428 1000 2
547 Process547 1000 4
547 Process547 1000 2
549 Process549 1000 4
603 Process603 1000 2
546 Process546 1000 4
601 Process601 1000 2
544 Process544 1000 4
544 Process544 1000 2
543 Process543 1000 4
543 Process543 1000 2
542 Process542 1000 4
542 Process542 1000 2
355 Process355 1000 2
595 Process595 1000 2
540 Process540 1000 4
540 Process540 1000 2
538 Process538 1000 4
538 Process538 1000 2
575 Process575 1000 2
592 Process592 1000 2
536 Process536 1000 4
536 Process536 1000 2
532 Process532 1000 4
532 Process532 1000 2
541 Process541 1000 4
591 Process591 1000 2
530 Process530 1000 4
530 Process530 1000 2
531 Process531 1000 4
426 Process426 1000 2
549 Process549 1000 2
514 Process514 1000 2
526 Process526 1000 4
526 Process526 1000 2
545 Process545 1000 4
586 Process586 1000 4
541 Process541 1000 2
578 Process578 1000 4
535 Process535 1000 2
552 Process552 1000 4
529 Process529 1000 4
553 Process553 1000 4
477 Process477 1000 2
588 Process588 1000 2
529 Process529 1000 2
523 Process523 1000 4
517 Process517 1000 4
517 Process517 1000 2
516 Process516 1000 4
516 Process516 1000 2
515 Process515 1000 4
515 Process515 1000 2
513 Process513 1000 4
513 Process513 1000 2
512 Process512 1000 4
512 Process512 1000 2
511 Process511 1000 4
511 Process511 1000 2
510 Process510 1000 4
510 Process510 1000 2
590 Process590 1000 2
545 Process545 1000 2
508 Process508 1000 4
508 Process508 1000 2
507 Process507 1000 4
507 Process507 1000 2
521 Process521 1000 4
527 Process527 1000 4
505 Process505 1000 4
505 Process505 1000 2
504 Process504 1000 4
504 Process504 1000 2
524 Process524 1000 4
509 Process509 1000 4
518 Process518 1000 4
527 Process527 1000 2
501 Process501 1000 4
501 Process501 1000 2
519 Process519 1000 4
578 Process578 1000 2
506 Process506 1000 4
502 Process502 1000 4
498 Process498 1000 4
498 Process498 1000 2
499 Process499 1000 4
521 Process521 1000 2
497 Process497 1000 4
499 Process499 1000 2
495 Process495 1000 4
495 Process495 1000 2
494 Process494 1000 4
494 Process494 1000 2
553 Process553 1000 2
518 Process518 1000 2
496 Process496 1000 4
587 Process587 1000 4
557 Process557 1000 4
509 Process509 1000 2
490 Process490 1000 4
490 Process490 1000 2
489 Process489 1000 4
489 Process489 1000 2
488 Process488 1000 4
488 Process488 1000 2
493 Process493 1000 4
537 Process537 1000 4
492 Process492 1000 4
506 Process506 1000 2
496 Process496 1000 2
503 Process503 1000 4
483 Process483 1000 4
483 Process483 1000 2
531 Process531 1000 2
502 Process502 1000 2
491 Process491 1000 4
524 Process524 1000 2
480 Process480 1000 4
480 Process480 1000 2
546 Process546 1000 2
587 Process587 1000 2
479 Process479 1000 4
492 Process492 1000 2
487 Process487 1000 4
479 Process479 1000 2
474 Process474 1000 4
474 Process474 1000 2
473 Process473 1000 4
473 Process473 1000 2
472 Process472 1000 4
472 Process472 1000 2
471 Process471 1000 4
471 Process471 1000 2
470 Process470 1000 4
470 Process470 1000 2
469 Process469 1000 4
469 Process469 1000 2
468 Process468 1000 4
468 Process468 1000 2
467 Process467 1000 4
467 Process467 1000 2
466 Process466 1000 4
466 Process466 1000 2
465 Process465 1000 4
465 Process465 1000 2
464 Process464 1000 4
464 Process464 1000 2
463 Process463 1000 4
463 Process463 1000 2
461 Process461 1000 4
461 Process461 1000 2
460 Process460 1000 4
460 Process460 1000 2
481 Process481 1000 4
486 Process486 1000 4
454 Process454 1000 4
454 Process454 1000 2
519 Process519 1000 2
485 Process485 1000 4
448 Process448 1000 4
448 Process448 1000 2
447 Process447 1000 4
447 Process447 1000 2
446 Process446 1000 4
446 Process446 1000 2
525 Process525 1000 4
486 Process486 1000 2
416 Process416 1000 2
485 Process485 1000 2
500 Process500 1000 4
445 Process445 1000 4
456 Process456 1000 4
482 Process482 1000 4
439 Process439 1000 4
439 Process439 1000 2
503 Process503 1000 2
481 Process481 1000 2
437 Process437 1000 4
437 Process437 1000 2
442 Process442 1000 4
442 Process442 1000 2
436 Process436 1000 4
476 Process476 1000 4
435 Process435 1000 4
493 Process493 1000 2
497 Process497 1000 2
475 Process475 1000 4
525 Process525 1000 2
456 Process456 1000 2
522 Process522 1000 2
487 Process487 1000 2
573 Process573 1000 2
482 Process482 1000 2
450 Process450 1000 4
435 Process435 1000 2
586 Process586 1000 2
429 Process429 1000 4
433 Process433 1000 4
441 Process441 1000 4
424 Process424 1000 4
424 Process424 1000 2
432 Process432 1000 4
431 Process431 1000 4
431 Process431 1000 2
430 Process430 1000 4
418 Process418 1000 4
418 Process418 1000 2
417 Process417 1000 4
417 Process417 1000 2
415 Process415 1000 4
415 Process415 1000 2
450 Process450 1000 2
445 Process445 1000 2
475 Process475 1000 2
425 Process425 1000 4
412 Process412 1000 4
412 Process412 1000 2
441 Process441 1000 2
419 Process419 1000 4
410 Process410 1000 4
410 Process410 1000 2
537 Process537 1000 2
414 Process414 1000 4
438 Process438 1000 4
427 Process427 1000 4
500 Process500 1000 2
444 Process444 1000 4
434 Process434 1000 4
409 Process409 1000 4
523 Process523 1000 2
408 Process408 1000 4
404 Process404 1000 4
404 Process404 1000 2
403 Process403 1000 4
403 Process403 1000 2
406 Process406 1000 4
436 Process436 1000 2
430 Process430 1000 2
405 Process405 1000 4
407 Process407 1000 4
408 Process408 1000 2
398 Process398 1000 4
398 Process398 1000 2
491 Process491 1000 2
405 Process405 1000 2
429 Process429 1000 2
421 Process421 1000 4
413 Process413 1000 4
409 Process409 1000 2
394 Process394 1000 4
394 Process394 1000 2
557 Process557 1000 2
401 Process401 1000 4
391 Process391 1000 4
391 Process391 1000 2
390 Process390 1000 4
390 Process390 1000 2
407 Process407 1000 2
413 Process413 1000 2
399 Process399 1000 4
406 Process406 1000 2
433 Process433 1000 2
411 Process411 1000 4
395 Process395 1000 4
396 Process396 1000 4
389 Process389 1000 4
432 Process432 1000 2
383 Process383 1000 4
383 Process383 1000 2
382 Process382 1000 4
382 Process382 1000 2
400 Process400 1000 4
392 Process392 1000 4
386 Process386 1000 4
379 Process379 1000 4
400 Process400 1000 2
421 Process421 1000 2
377 Process377 1000 4
377 Process377 1000 2
376 Process376 1000 4
376 Process376 1000 2
379 Process379 1000 2
387 Process387 1000 4
380 Process380 1000 4
396 Process396 1000 2
378 Process378 1000 4
425 Process425 1000 2
374 Process374 1000 4
386 Process386 1000 2
369 Process369 1000 4
369 Process369 1000 2
380 Process380 1000 2
385 Process385 1000 4
367 Process367 1000 4
367 Process367 1000 2
366 Process366 1000 4
366 Process366 1000 2
419 Process419 1000 2
368 Process368 1000 4
399 Process399 1000 2
414 Process414 1000 2
363 Process363 1000 4
363 Process363 1000 2
397 Process397 1000 4
362 Process362 1000 4
372 Process372 1000 4
373 Process373 1000 4
395 Process395 1000 2
370 Process370 1000 4
354 Process354 1000 4
354 Process354 1000 2
392 Process392 1000 2
368 Process368 1000 2
364 Process364 1000 4
389 Process389 1000 2
438 Process438 1000 2
397 Process397 1000 2
444 Process444 1000 2
385 Process385 1000 2
387 Process387 1000 2
373 Process373 1000 2
348 Process348 1000 4
348 Process348 1000 2
352 Process352 1000 4
372 Process372 1000 2
342 Process342 1000 4
342 Process342 1000 2
352 Process352 1000 2
370 Process370 1000 2
340 Process340 1000 4
340 Process340 1000 2
337 Process337 1000 4
337 Process337 1000 2
336 Process336 1000 4
336 Process336 1000 2
335 Process335 1000 4
335 Process335 1000 2
378 Process378 1000 2
364 Process364 1000 2
350 Process350 1000 4
374 Process374 1000 2
332 Process332 1000 4
332 Process332 1000 2
349 Process349 1000 4
360 Process360 1000 4
427 Process427 1000 2
334 Process334 1000 4
333 Process333 1000 4
351 Process351 1000 4
327 Process327 1000 4
327 Process327 1000 2
326 Process326 1000 4
326 Process326 1000 2
324 Process324 1000 4
324 Process324 1000 2
322 Process322 1000 4
322 Process322 1000 2
318 Process318 1000 4
318 Process318 1000 2
317 Process317 1000 4
317 Process317 1000 2
315 Process315 1000 4
315 Process315 1000 2
314 Process314 1000 4
314 Process314 1000 2
312 Process312 1000 4
312 Process312 1000 2
301 Process301 1000 4
301 Process301 1000 2
300 Process300 1000 4
300 Process300 1000 2
299 Process299 1000 4
299 Process299 1000 2
349 Process349 1000 2
331 Process331 1000 4
297 Process297 1000 4
297 Process297 1000 2
384 Process384 1000 4
360 Process360 1000 2
365 Process365 1000 4
359 Process359 1000 4
293 Process293 1000 4
293 Process293 1000 2
344 Process344 1000 4
353 Process353 1000 4
291 Process291 1000 4
291 Process291 1000 2
290 Process290 1000 4
290 Process290 1000 2
289 Process289 1000 4
289 Process289 1000 2
341 Process341 1000 4
353 Process353 1000 2
287 Process287 1000 4
287 Process287 1000 2
334 Process334 1000 2
434 Process434 1000 2
401 Process401 1000 2
351 Process351 1000 2
283 Process283 1000 4
283 Process283 1000 2
329 Process329 1000 4
294 Process294 1000 4
281 Process281 1000 4
281 Process281 1000 2
292 Process292 1000 4
411 Process411 1000 2
288 Process288 1000 4
285 Process285 1000 4
285 Process285 1000 2
284 Process284 1000 4
284 Process284 1000 2
328 Process328 1000 4
282 Process282 1000 4
331 Process331 1000 2
280 Process280 1000 4
294 Process294 1000 2
273 Process273 1000 4
273 Process273 1000 2
271 Process271 1000 4
552 Process552 1000 2
270 Process270 1000 4
270 Process270 1000 2
359 Process359 1000 2
292 Process292 1000 2
265 Process265 1000 4
265 Process265 1000 2
264 Process264 1000 4
278 Process278 1000 4
263 Process263 1000 4
277 Process277 1000 4
262 Process262 1000 4
275 Process275 1000 4
261 Process261 1000 4
261 Process261 1000 2
329 Process329 1000 2
365 Process365 1000 2
298 Process298 1000 4
274 Process274 1000 4
295 Process295 1000 4
280 Process280 1000 2
17 Process17 1000 4
37 Process37 1000 4
36 Process36 1000 4
36 Process36 1000 2
42 Process42 1000 4
42 Process42 1000 2
41 Process41 1000 4
41 Process41 1000 2
13 Process13 1000 4
5 Process5 1000 4
45 Process45 1000 4
45 Process45 1000 2
46 Process46 1000 4
46 Process46 1000 2
48 Process48 1000 4
48 Process48 1000 2
47 Process47 1000 4
47 Process47 1000 2
51 Process51 1000 4
51 Process51 1000 2
50 Process50 1000 4
50 Process50 1000 2
49 Process49 1000 4
49 Process49 1000 2
44 Process44 1000 4
44 Process44 1000 2
40 Process40 1000 4
15 Process15 1000 4
54 Process54 1000 4
54 Process54 1000 2
59 Process59 1000 4
59 Process59 1000 2
39 Process39 1000 4
17 Process17 1000 2
63 Process63 1000 4
63 Process63 1000 2
64 Process64 1000 4
64 Process64 1000 2
65 Process65 1000 4
65 Process65 1000 2
2 Process2 1000 4
6 Process6 1000 4
66 Process66 1000 4
66 Process66 1000 2
62 Process62 1000 4
62 Process62 1000 2
60 Process60 1000 4
60 Process60 1000 2
3 Process3 1000 4
5 Process5 1000 2
57 Process57 1000 4
57 Process57 1000 2
56 Process56 1000 4
56 Process56 1000 2
55 Process55 1000 4
6 Process6 1000 2
53 Process53 1000 4
53 Process53 1000 2
35 Process35 1000 4
35 Process35 1000 2
34 Process34 1000 4
34 Process34 1000 2
33 Process33 1000 4
33 Process33 1000 2
32 Process32 1000 4
32 Process32 1000 2
31 Process31 1000 4
31 Process31 1000 2
30 Process30 1000 4
16 Process16 1000 4
29 Process29 1000 4
29 Process29 1000 2
28 Process28 1000 4
28 Process28 1000 2
16 Process16 1000 2
14 Process14 1000 4
26 Process26 1000 4
13 Process13 1000 2
25 Process25 1000 4
25 Process25 1000 2
24 Process24 1000 4
61 Process61 1000 4
23 Process23 1000 4
23 Process23 1000 2
22 Process22 1000 4
22 Process22 1000 2
21 Process21 1000 4
21 Process21 1000 2
38 Process38 1000 4
37 Process37 1000 2
19 Process19 1000 4
19 Process19 1000 2
18 Process18 1000 4
18 Process18 1000 2
58 Process58 1000 4
15 Process15 1000 2
55 Process55 1000 2
26 Process26 1000 2
9 Process9 1000 4
9 Process9 1000 2
8 Process8 1000 4
8 Process8 1000 2
39 Process39 1000 2
43 Process43 1000 4
3 Process3 1000 4
41 Process41 1000 4
48 Process48 1000 4
48 Process48 1000 2
46 Process46 1000 4
46 Process46 1000 2
45 Process45 1000 4
45 Process45 1000 2
38 Process38 1000 4
38 Process38 1000 2
37 Process37 1000 4
37 Process37 1000 2
5 Process5 1000 4
39 Process39 1000 4
35 Process35 1000 4
35 Process35 1000 2
34 Process34 1000 4
34 Process34 1000 2
33 Process33 1000 4
33 Process33 1000 2
32 Process32 1000 4
32 Process32 1000 2
31 Process31 1000 4
31 Process31 1000 2
6 Process6 1000 4
47 Process47 1000 4
29 Process29 1000 4
29 Process29 1000 2
28 Process28 1000 4
28 Process28 1000 2
27 Process27 1000 4
27 Process27 1000 2
26 Process26 1000 4
26 Process26 1000 2
25 Process25 1000 4
25 Process25 1000 2
24 Process24 1000 4
24 Process24 1000 2
23 Process23 1000 4
23 Process23 1000 2
22 Process22 1000 4
22 Process22 1000 2
21 Process21 1000 4
21 Process21 1000 2
20 Process20 1000 4
20 Process20 1000 2
44 Process44 1000 4
49 Process49 1000 4
18 Process18 1000 4
18 Process18 1000 2
42 Process42 1000 4
5 Process5 1000 2
16 Process16 1000 4
16 Process16 1000 2
15 Process15 1000 4
15 Process15 1000 2
14 Process14 1000 4
14 Process14 1000 2
36 Process36 1000 4
7 Process7 1000 4
12 Process12 1000 4
12 Process12 1000 2
11 Process11 1000 4
11 Process11 1000 2
10 Process10 1000 4
10 Process10 1000 2
9 Process9 1000 4
9 Process9 1000 2
3 Process3 1000 16
4 Process4 1000 16
1 Process1 1000 16
2 Process2 1000 16
31 Process31 1000 16
31 Process31 1000 12
31 Process31 1000 8
31 Process31 1000 4
34 Process34 1000 16
34 Process34 1000 12
